##FastQC	0.10.1
>>Basic Statistics	pass
#Measure	Value	
Filename	chr22_206583718.simulated.custom.10x100	
File type	Conventional base calls	
Encoding	Illumina 1.5	
Total Sequences	10000	
Filtered Sequences	0	
Sequence length	100	
%GC	44	
>>END_MODULE
>>Per base sequence quality	fail
#Base	Mean	Median	Lower Quartile	Upper Quartile	10th Percentile	90th Percentile
1	9.0	9.0	9.0	9.0	9.0	9.0
2	9.0	9.0	9.0	9.0	9.0	9.0
3	9.0	9.0	9.0	9.0	9.0	9.0
4	9.0	9.0	9.0	9.0	9.0	9.0
5	9.0	9.0	9.0	9.0	9.0	9.0
6	9.0	9.0	9.0	9.0	9.0	9.0
7	9.0	9.0	9.0	9.0	9.0	9.0
8	9.0	9.0	9.0	9.0	9.0	9.0
9	9.0	9.0	9.0	9.0	9.0	9.0
10-14	9.0	9.0	9.0	9.0	9.0	9.0
15-19	9.0	9.0	9.0	9.0	9.0	9.0
20-24	9.0	9.0	9.0	9.0	9.0	9.0
25-29	9.0	9.0	9.0	9.0	9.0	9.0
30-34	9.0	9.0	9.0	9.0	9.0	9.0
35-39	9.0	9.0	9.0	9.0	9.0	9.0
40-44	9.0	9.0	9.0	9.0	9.0	9.0
45-49	9.0	9.0	9.0	9.0	9.0	9.0
50-54	9.0	9.0	9.0	9.0	9.0	9.0
55-59	9.0	9.0	9.0	9.0	9.0	9.0
60-64	9.0	9.0	9.0	9.0	9.0	9.0
65-69	9.0	9.0	9.0	9.0	9.0	9.0
70-74	9.0	9.0	9.0	9.0	9.0	9.0
75-79	9.0	9.0	9.0	9.0	9.0	9.0
80-84	9.0	9.0	9.0	9.0	9.0	9.0
85-89	9.0	9.0	9.0	9.0	9.0	9.0
90-94	9.0	9.0	9.0	9.0	9.0	9.0
95-99	9.0	9.0	9.0	9.0	9.0	9.0
100	9.0	9.0	9.0	9.0	9.0	9.0
>>END_MODULE
>>Per sequence quality scores	fail
#Quality	Count
9	10000.0
>>END_MODULE
>>Per base sequence content	pass
#Base	G	A	T	C
1	22.71	27.58	27.72	21.990000000000002
2	22.55	27.85	28.03	21.57
3	21.51	27.16	28.53	22.8
4	22.27	28.24	27.439999999999998	22.05
5	21.65	27.72	28.4	22.23
6	21.94	28.64	26.740000000000002	22.68
7	22.28	28.28	27.089999999999996	22.35
8	22.28	27.339999999999996	28.49	21.89
9	22.24	27.92	27.66	22.18
10-14	21.972	27.954	28.011999999999997	22.062
15-19	22.314	28.18	27.604	21.902
20-24	21.887999999999998	28.004	28.058	22.05
25-29	21.701999999999998	27.974	28.168	22.156000000000002
30-34	22.076	28.102	28.136	21.686
35-39	22.006	27.778000000000002	28.016000000000002	22.2
40-44	22.182	28.194000000000003	27.383999999999997	22.24
45-49	22.272	27.728	27.814	22.186
50-54	21.88	27.482	28.13	22.508
55-59	21.938	27.664	28.204	22.194
60-64	21.918000000000003	27.97	27.88	22.232
65-69	22.006	27.860000000000003	27.816000000000003	22.317999999999998
70-74	22.168	27.996	27.704	22.131999999999998
75-79	22.072	27.958	27.839999999999996	22.13
80-84	22.102	27.98	27.708	22.21
85-89	22.444	28.116000000000003	27.345999999999997	22.094
90-94	22.004	27.958	28.014	22.024
95-99	22.366	28.066000000000003	27.608	21.959999999999997
100	22.689999999999998	27.939999999999998	27.51	21.86
>>END_MODULE
>>Per base GC content	pass
#Base	%GC
1	44.7
2	44.12
3	44.31
4	44.32
5	43.88
6	44.62
7	44.629999999999995
8	44.17
9	44.42
10-14	44.034
15-19	44.216
20-24	43.938
25-29	43.858000000000004
30-34	43.762
35-39	44.206
40-44	44.422
45-49	44.458
50-54	44.388
55-59	44.132
60-64	44.15
65-69	44.324000000000005
70-74	44.3
75-79	44.202000000000005
80-84	44.312000000000005
85-89	44.538
90-94	44.028
95-99	44.326
100	44.55
>>END_MODULE
>>Per sequence GC content	fail
#GC Content	Count
0	0.0
1	0.0
2	0.0
3	0.5
4	1.5
5	2.0
6	1.0
7	0.0
8	1.0
9	1.5
10	0.5
11	0.0
12	0.0
13	0.0
14	1.0
15	1.0
16	1.0
17	3.5
18	3.5
19	6.0
20	11.5
21	15.0
22	18.5
23	33.0
24	58.0
25	81.0
26	101.0
27	126.5
28	155.5
29	163.5
30	175.0
31	203.5
32	224.5
33	246.0
34	273.0
35	291.5
36	303.0
37	309.5
38	318.0
39	310.5
40	292.5
41	306.5
42	321.0
43	306.0
44	300.0
45	299.5
46	289.0
47	301.5
48	320.5
49	331.5
50	329.0
51	315.5
52	304.5
53	274.5
54	252.0
55	244.5
56	230.0
57	211.0
58	207.5
59	203.0
60	177.0
61	154.0
62	137.5
63	123.0
64	92.0
65	67.5
66	55.0
67	34.5
68	20.5
69	13.0
70	6.0
71	3.0
72	3.0
73	3.0
74	5.5
75	7.5
76	7.5
77	6.0
78	2.0
79	0.5
80	0.5
81	0.0
82	0.0
83	0.0
84	0.0
85	0.0
86	0.0
87	0.0
88	0.0
89	0.0
90	0.0
91	0.0
92	0.0
93	0.0
94	0.0
95	0.0
96	0.0
97	0.0
98	0.0
99	0.0
100	0.0
>>END_MODULE
>>Per base N content	pass
#Base	N-Count
1	0.0
2	0.0
3	0.0
4	0.0
5	0.0
6	0.0
7	0.0
8	0.0
9	0.0
10-14	0.0
15-19	0.0
20-24	0.0
25-29	0.0
30-34	0.0
35-39	0.0
40-44	0.0
45-49	0.0
50-54	0.0
55-59	0.0
60-64	0.0
65-69	0.0
70-74	0.0
75-79	0.0
80-84	0.0
85-89	0.0
90-94	0.0
95-99	0.0
100	0.0
>>END_MODULE
>>Sequence Length Distribution	pass
#Length	Count
100	10000.0
>>END_MODULE
>>Sequence Duplication Levels	pass
#Total Duplicate Percentage	0.04
#Duplication Level	Relative count
1	100.0
2	0.020008003201280513
3	0.0
4	0.0
5	0.0
6	0.0
7	0.0
8	0.0
9	0.0
10++	0.0
>>END_MODULE
>>Overrepresented sequences	pass
>>END_MODULE
>>Kmer Content	warn
#Sequence	Count	Obs/Exp Overall	Obs/Exp Max	Max Obs/Exp Position
AAAAA	6005	3.7472675	5.241806	95-96
CTGGG	2390	3.6997962	6.687498	2
CCCAG	2315	3.6436698	6.043927	3
CCAGG	2235	3.495164	6.755753	2
TTTTT	5605	3.4333382	4.9984016	7
CCTCC	2160	3.4090042	8.333121	6
CCAGC	1980	3.1163998	7.554908	5
CCTGG	1995	3.1082847	5.9828634	9
GGAGG	2005	3.0953412	4.4461756	5
CAGCC	1940	3.0534425	6.043927	6
GCCTG	1950	3.038173	5.0854344	45-49
GCTGG	1850	2.863859	5.9444427	1
CAGGC	1820	2.846174	5.254475	6
CAGGG	1760	2.734669	5.2207317	4
TGGGA	2110	2.5877144	5.8867435	1
CTCCT	2030	2.528783	7.1752663	3
CAGCA	2025	2.5250323	5.386736	7
CAGGA	2035	2.5212061	5.3521433	2
GGCAG	1580	2.4549868	5.2207317	4
CTGAG	1910	2.3575733	5.332312	8
GCCTC	1485	2.3286395	6.021533	1
CTGCC	1455	2.2815964	5.2688413	7
GAGGC	1460	2.268532	5.2207313	1
CAGAG	1730	2.143335	5.3521433	1
GGCTC	1365	2.1267211	5.2350054	6
TCCAG	1700	2.1119258	6.5593934	4
GGGCT	1310	2.027922	5.201388	7
CCCAC	1280	2.0276637	5.322617	5
AGCCT	1540	1.9131564	5.3667765	4
CACCC	1090	1.7266822	5.3226166	7
AGGGC	1010	1.5693269	5.2207313	4
GCACC	930	1.4637636	5.288436	6
TGCAC	1140	1.4162327	5.3667765	5
>>END_MODULE
