##FastQC	0.10.1
>>Basic Statistics	pass
#Measure	Value	
Filename	chr22_157501105.simulated.custom.10x100	
File type	Conventional base calls	
Encoding	Illumina 1.5	
Total Sequences	10000	
Filtered Sequences	0	
Sequence length	100	
%GC	44	
>>END_MODULE
>>Per base sequence quality	fail
#Base	Mean	Median	Lower Quartile	Upper Quartile	10th Percentile	90th Percentile
1	9.0	9.0	9.0	9.0	9.0	9.0
2	9.0	9.0	9.0	9.0	9.0	9.0
3	9.0	9.0	9.0	9.0	9.0	9.0
4	9.0	9.0	9.0	9.0	9.0	9.0
5	9.0	9.0	9.0	9.0	9.0	9.0
6	9.0	9.0	9.0	9.0	9.0	9.0
7	9.0	9.0	9.0	9.0	9.0	9.0
8	9.0	9.0	9.0	9.0	9.0	9.0
9	9.0	9.0	9.0	9.0	9.0	9.0
10-14	9.0	9.0	9.0	9.0	9.0	9.0
15-19	9.0	9.0	9.0	9.0	9.0	9.0
20-24	9.0	9.0	9.0	9.0	9.0	9.0
25-29	9.0	9.0	9.0	9.0	9.0	9.0
30-34	9.0	9.0	9.0	9.0	9.0	9.0
35-39	9.0	9.0	9.0	9.0	9.0	9.0
40-44	9.0	9.0	9.0	9.0	9.0	9.0
45-49	9.0	9.0	9.0	9.0	9.0	9.0
50-54	9.0	9.0	9.0	9.0	9.0	9.0
55-59	9.0	9.0	9.0	9.0	9.0	9.0
60-64	9.0	9.0	9.0	9.0	9.0	9.0
65-69	9.0	9.0	9.0	9.0	9.0	9.0
70-74	9.0	9.0	9.0	9.0	9.0	9.0
75-79	9.0	9.0	9.0	9.0	9.0	9.0
80-84	9.0	9.0	9.0	9.0	9.0	9.0
85-89	9.0	9.0	9.0	9.0	9.0	9.0
90-94	9.0	9.0	9.0	9.0	9.0	9.0
95-99	9.0	9.0	9.0	9.0	9.0	9.0
100	9.0	9.0	9.0	9.0	9.0	9.0
>>END_MODULE
>>Per sequence quality scores	fail
#Quality	Count
9	10000.0
>>END_MODULE
>>Per base sequence content	pass
#Base	G	A	T	C
1	22.75	27.32	27.74	22.189999999999998
2	22.28	28.21	27.060000000000002	22.45
3	21.59	27.800000000000004	27.529999999999998	23.080000000000002
4	21.92	27.339999999999996	28.07	22.67
5	21.759999999999998	28.1	27.860000000000003	22.28
6	21.68	27.79	28.42	22.11
7	22.49	28.22	27.77	21.52
8	21.91	28.000000000000004	28.37	21.72
9	22.29	28.33	26.86	22.52
10-14	22.081999999999997	27.87	27.826	22.222
15-19	22.142	28.176000000000002	27.382	22.3
20-24	22.116	28.011999999999997	27.55	22.322
25-29	22.242	28.023999999999997	27.612	22.122
30-34	22.18	27.901999999999997	27.96	21.958
35-39	22.276	27.639999999999997	27.918	22.166
40-44	21.934	28.052	27.901999999999997	22.112000000000002
45-49	22.137999999999998	27.656	27.945999999999998	22.259999999999998
50-54	21.998	27.836	27.838	22.328
55-59	22.084	27.882	27.556000000000004	22.478
60-64	22.1	27.998	27.805999999999997	22.096
65-69	22.131999999999998	27.786	28.076	22.006
70-74	22.400000000000002	27.972	27.6	22.028
75-79	22.022	28.116000000000003	27.779999999999998	22.081999999999997
80-84	22.46	27.66	27.588	22.292
85-89	22.162000000000003	28.23	27.374	22.234
90-94	22.5	27.71	27.645999999999997	22.144
95-99	22.24	27.862	27.36	22.538
100	22.35	28.01	27.450000000000003	22.189999999999998
>>END_MODULE
>>Per base GC content	pass
#Base	%GC
1	44.940000000000005
2	44.73
3	44.67
4	44.59
5	44.04
6	43.79
7	44.01
8	43.63
9	44.81
10-14	44.304
15-19	44.442
20-24	44.438
25-29	44.364
30-34	44.138
35-39	44.442
40-44	44.046
45-49	44.397999999999996
50-54	44.326
55-59	44.562000000000005
60-64	44.196000000000005
65-69	44.138
70-74	44.428
75-79	44.104
80-84	44.751999999999995
85-89	44.396
90-94	44.644
95-99	44.778
100	44.54
>>END_MODULE
>>Per sequence GC content	warn
#GC Content	Count
0	0.0
1	0.0
2	0.0
3	0.0
4	0.5
5	2.5
6	2.5
7	1.0
8	1.0
9	1.0
10	1.0
11	2.5
12	2.5
13	2.0
14	1.5
15	0.0
16	1.0
17	2.0
18	2.0
19	6.0
20	10.5
21	15.0
22	28.0
23	39.0
24	57.5
25	82.0
26	98.0
27	116.0
28	143.0
29	165.5
30	172.0
31	195.0
32	234.5
33	267.5
34	265.5
35	268.5
36	280.0
37	290.0
38	314.5
39	310.5
40	305.5
41	302.5
42	320.0
43	334.5
44	310.0
45	284.0
46	276.5
47	278.0
48	305.0
49	333.5
50	313.5
51	297.5
52	297.0
53	279.5
54	252.5
55	252.5
56	263.0
57	232.5
58	212.5
59	195.5
60	169.0
61	167.5
62	157.5
63	129.5
64	98.0
65	72.5
66	53.0
67	36.0
68	25.0
69	20.5
70	10.5
71	2.5
72	1.5
73	2.5
74	6.5
75	8.0
76	5.5
77	5.0
78	2.5
79	0.0
80	0.0
81	0.0
82	0.0
83	0.0
84	0.0
85	0.0
86	0.0
87	0.0
88	0.0
89	0.0
90	0.0
91	0.0
92	0.0
93	0.0
94	0.0
95	0.0
96	0.0
97	0.0
98	0.0
99	0.0
100	0.0
>>END_MODULE
>>Per base N content	pass
#Base	N-Count
1	0.0
2	0.0
3	0.0
4	0.0
5	0.0
6	0.0
7	0.0
8	0.0
9	0.0
10-14	0.0
15-19	0.0
20-24	0.0
25-29	0.0
30-34	0.0
35-39	0.0
40-44	0.0
45-49	0.0
50-54	0.0
55-59	0.0
60-64	0.0
65-69	0.0
70-74	0.0
75-79	0.0
80-84	0.0
85-89	0.0
90-94	0.0
95-99	0.0
100	0.0
>>END_MODULE
>>Sequence Length Distribution	pass
#Length	Count
100	10000.0
>>END_MODULE
>>Sequence Duplication Levels	pass
#Total Duplicate Percentage	0.0
#Duplication Level	Relative count
1	100.0
2	0.0
3	0.0
4	0.0
5	0.0
6	0.0
7	0.0
8	0.0
9	0.0
10++	0.0
>>END_MODULE
>>Overrepresented sequences	pass
>>END_MODULE
>>Kmer Content	warn
#Sequence	Count	Obs/Exp Overall	Obs/Exp Max	Max Obs/Exp Position
AAAAA	6015	3.6559262	5.54315	55-59
CCCAG	2380	3.569805	8.639528	8
TTTTT	5165	3.4264655	5.222292	50-54
CTGGG	2130	3.3162832	4.6334543	30-34
CCTCC	2125	3.2116523	5.8036447	9
GGAGG	2075	3.206181	6.675037	2
CCTGG	2070	3.1911082	4.587796	45-49
CCAGG	2090	3.1660268	5.8170066	1
CAGGC	1970	2.9842455	5.089881	7
GCCTG	1925	2.9675765	7.3996716	3
CAGCC	1965	2.9473388	6.479646	4
CCAGC	1875	2.8123462	5.039725	1
GCAGG	1685	2.5779178	5.1405363	8
CTGCC	1625	2.4804115	5.128728	7
GAGGC	1620	2.4784725	5.8748984	5
CCTGC	1540	2.350667	5.861404	8
CTGGC	1485	2.2892733	5.17977	7
CCTGA	1590	1.9411821	5.274155	4
CACCC	1250	1.8564223	5.702929	6
TGAGA	1865	1.8392789	5.6805615	7
CTCAC	1515	1.8313906	5.802426	3
TGCCC	1125	1.717208	5.1287284	8
GGGCA	1100	1.6829134	5.8748984	1
GGCAC	1045	1.5830134	5.089881	2
>>END_MODULE
